.Random.seed <-
c(403L, 10L, -405643768L, 1818448395L, -836173079L, 962899384L, 
-1469986202L, 1635317505L, -977010285L, 35363394L, 1073114612L, 
-1239410697L, 1737296877L, 120038532L, 1204222634L, 1289318421L, 
-632309585L, -1398122826L, 1241195744L, -485267421L, 29685569L, 
1273395760L, 1081337934L, -1154017095L, 4443339L, -1344859782L, 
-2115400580L, -1323538241L, 1863064981L, -654058068L, -1681148030L, 
2085723485L, -1718315945L, 1259860798L, -1940497544L, -607643557L, 
-1852727367L, 792272392L, -1104114506L, -756343823L, 645817891L, 
-1359800718L, 1359662276L, 1743948423L, -1019346339L, 1674445908L, 
1384943226L, -1004982843L, 1931874079L, -983270746L, 204192816L, 
-245719341L, 1717173489L, -1872816096L, 1928871614L, 599890633L, 
1104834683L, -966824374L, 1143249580L, 1346899375L, -1702970011L, 
970533660L, 1983696754L, -47619091L, -2093308889L, -717112242L, 
1563885736L, -1473696085L, -2029499447L, 1506273240L, -648057210L, 
-1911130271L, 1805396723L, 1183380834L, 1189807060L, 241051351L, 
-402502451L, 1987611748L, -400276918L, -731887691L, 2051971855L, 
-777541610L, 1228452544L, 293487747L, 313700513L, 1738323600L, 
-1640045202L, 1736987417L, -14657621L, 1001289114L, 303567196L, 
-1204098977L, -503928779L, -314528820L, 122167074L, 1496596861L, 
-542446985L, -1603636322L, 448414296L, 392981435L, -677831335L, 
-1584539928L, 629286678L, 174581905L, 425895235L, -1074110382L, 
765903588L, 395826471L, -248369795L, -145349516L, -1113821606L, 
-519103835L, 1398907071L, -1411783866L, -1816579632L, -1781722125L, 
1999809297L, -2107892928L, 1138008862L, -995382295L, -1033477861L, 
1540791082L, 1429216332L, -908340209L, 1456512837L, 1132591356L, 
-1628698798L, 1342621901L, -699033465L, -2051568786L, -756523704L, 
1600637259L, -1107223383L, -1524875784L, -1335794394L, -188606911L, 
552968147L, -1076087422L, -182036044L, 1720427831L, -75370451L, 
1946893636L, -1914226070L, -392112939L, 1459839599L, -1205942410L, 
-430495584L, -1713372829L, 1677349377L, 1474355568L, 1564655886L, 
-379407495L, -979371253L, 948937786L, -42450116L, 170088575L, 
1742420949L, -1883548180L, 811669314L, -1108453219L, -1259708137L, 
16447614L, -1003761608L, -2112239845L, 258983033L, 580635848L, 
-1401709322L, 1093197105L, 462929251L, -1941102798L, -1685825404L, 
655197383L, 2126473117L, -965004524L, -1676992070L, -996067323L, 
1599557087L, -1505656730L, 248950768L, -992802541L, 1412970161L, 
-1063485088L, 704657150L, -388328823L, 212118971L, -691472502L, 
-874119572L, 705109999L, -1290029019L, 1864882396L, -1347813710L, 
-1172934227L, 1328002407L, 2135949966L, 1237044072L, 2136945515L, 
-98857719L, 1169900440L, -773074234L, -1049634783L, 565406899L, 
959802914L, 349696020L, 1694282903L, 1748754061L, -2009460828L, 
-379432566L, 61083125L, -1451466673L, -443639978L, -77361664L, 
-97632445L, 781178593L, 1460466768L, -1461027666L, 678692953L, 
-2009782165L, -1675350566L, -1850894692L, -2135922529L, -1990630667L, 
-94462068L, 1918619234L, -1235389891L, -514114377L, 1049445214L, 
-1431607656L, -1237154309L, 2093586329L, -1136535412L, -334460576L, 
-701962014L, -1676024664L, -1986404660L, -1724945924L, -109694030L, 
-2108818448L, 1292609988L, 326380888L, 874387834L, -379479632L, 
315548092L, -836628908L, -2011776574L, 1114065696L, 698014652L, 
1574367312L, 1925325794L, -620148888L, 2119196492L, 735645436L, 
1249906418L, 654822656L, -175020940L, 2025254408L, 706575802L, 
1357907408L, -577949716L, -773157996L, -1594543918L, -1626391456L, 
-1066961588L, 1915620128L, -526550398L, -1576853016L, -214768660L, 
1914115644L, 1977204338L, 1817113456L, 711281956L, -1120314824L, 
-863530598L, -1390033456L, 229795260L, 1043351188L, 116884098L, 
384865728L, 65351484L, 280851088L, 1034184482L, 1871042056L, 
1996587788L, -812000356L, 1044743186L, 431936384L, 796625684L, 
-369150680L, -1579446214L, -215764016L, 1530550892L, 483671092L, 
-1977575278L, 1468383584L, 709930316L, 1050627552L, -416664670L, 
-1259500632L, -124760948L, 1857815484L, 80854130L, -1211672592L, 
1775113284L, -316622760L, -1756372934L, -528273296L, -2110302660L, 
816813844L, 54766274L, 1145721568L, 1269910652L, -1051034416L, 
1989561250L, -1278530008L, -1399391988L, -923707460L, -325949134L, 
-1289477952L, 48693812L, 43289288L, -159761734L, 635012240L, 
1366423276L, -1489936812L, -1200552302L, 2053871392L, 1721321420L, 
-92069664L, -157827390L, 573015080L, 1502088108L, -1773528388L, 
1598933490L, 801297968L, 2133608356L, -1469083208L, -1364626598L, 
2131227792L, -1288897668L, 673707796L, 2138459458L, 1189953280L, 
-2126941252L, 1514475344L, 226122018L, 1237131848L, 1225682956L, 
2091381852L, -488586798L, -1071653376L, 1375007060L, 1845981416L, 
2143490298L, -398686512L, -119500500L, -1153920780L, -1092145774L, 
64825696L, -1113102324L, -1693883680L, -342066590L, 135926440L, 
-1119950260L, 1928503164L, 875349298L, 811120240L, -718433468L, 
-1305696296L, -1469098118L, -1762531792L, -240887876L, 767604308L, 
872325186L, 623620256L, -1446349124L, 470776272L, 282055522L, 
-1272581400L, 914301132L, 380412412L, -2143886862L, -1740297600L, 
-513483276L, -957831544L, 22880058L, 1485394768L, 650873964L, 
256602516L, -801049518L, -2105458208L, -537662260L, 1596212384L, 
1257571714L, -1588500248L, -1324820756L, -1330133700L, 1178655858L, 
590493808L, -1819234268L, -819241928L, 1529671450L, 1122610384L, 
-1409499332L, 1601517460L, 1620960130L, 835480000L, 823918140L, 
1267099024L, 495885858L, 804472072L, 1820163724L, 1721823004L, 
1677787282L, 1818229120L, -375925228L, -83939544L, -550770118L, 
-1630323248L, -678033044L, 565380020L, 904411154L, -1988065824L, 
185718732L, -2079932192L, -456574942L, -1951747800L, -1679651316L, 
127461180L, 134616050L, -1120670992L, 633744964L, -333639080L, 
1810751290L, 1662916080L, -174360900L, -1693148908L, -1208560958L, 
237569120L, -1516268676L, 435709904L, 1880600866L, -350831960L, 
-1917879412L, -1850095428L, -46301390L, 2119887424L, -929293132L, 
1668248136L, -184060486L, 377520656L, 44262124L, 1797693780L, 
-1317625582L, -2069336672L, -266620212L, 1107066464L, 165205954L, 
976834444L, -358265318L, 1829484175L, -622439975L, 1560110702L, 
-1371421188L, 237322093L, -967841513L, -1215904544L, 251669182L, 
-1742624629L, -1071098099L, -711887046L, -1858613384L, 293135649L, 
985789907L, -1531030284L, 2073554306L, -441444329L, -950771999L, 
-1388672986L, 1545588004L, -1770228267L, 1482471807L, 2034001944L, 
95835958L, -1355828797L, 1595981829L, 1317708706L, -1053626480L, 
664652601L, -584228885L, 21823708L, 1862435082L, 273485823L, 
-398384567L, 2123843550L, 1602242444L, -1345104035L, 221073255L, 
-1158925168L, -2136139090L, 35288923L, -483276995L, -1717324374L, 
1446410824L, -988882319L, 1381841891L, -1511872796L, 782302738L, 
-287127065L, 2041193905L, -1988713482L, -1543238124L, -510734043L, 
449493551L, -516505624L, -2021971770L, 1810640243L, -1712933419L, 
-2060715598L, 349763456L, 929262441L, 844619739L, -522909908L, 
1401350458L, 1910544367L, -1159339399L, 1920312590L, 1967901916L, 
-679353523L, -1971213641L, -650459072L, -257595106L, 1330148331L, 
-529105043L, 1403925978L, 1729496984L, -433011199L, 1362323379L, 
-575793452L, -153341982L, -194850185L, -1815622719L, 1115142470L, 
-1865160572L, 593112629L, -1882139105L, -327306888L, 1866092630L, 
2144312547L, 2110773925L, -2103548094L, -1106553552L, 269124953L, 
1602741963L, -308617412L, -1767229590L, 624743839L, 1358523433L, 
-1228378434L, -1766441044L, -90307331L, 825557063L, -1628094672L, 
-954521522L, 272737403L, 1157515229L, 41432586L, 1782336296L, 
-1283574383L, 1698196355L, 60002436L, 694320818L, -47037945L, 
1958924881L, -1095022122L, 711357620L, 914387141L, -2043231729L, 
-1449428344L, 380346278L, -1086638253L, -1125365579L, 905790994L, 
-395004960L, 1396409929L, 769684603L, 626472268L, -1123057446L, 
1571737807L, 390818969L, 1374539950L, 602066364L, -1138592211L, 
1134227927L, 1543043104L, -1902092930L, 287490891L, -1445148339L, 
985237370L, 1557662136L, -1198867615L, 1806023443L, 449360692L, 
