.Random.seed <-
c(403L, 10L, 2054849687L, 243822221L, -34955356L, 1677042058L, 
139296245L, -174796721L, 870803286L, -2075681280L, 909266755L, 
-1673443615L, -1097399216L, -1676260178L, 1399552089L, 2066479211L, 
-955720230L, 589366940L, -1264428897L, -1551822091L, 962465676L, 
-149496222L, 997343805L, -377811785L, 295195486L, 1085945496L, 
1223882235L, 1582262169L, 1117278248L, 1417763030L, 651386193L, 
1457253379L, 1073476498L, 2036490532L, -255420441L, -134009795L, 
1815141044L, 1037285658L, 54827621L, -511013121L, 2143130502L, 
401356048L, -1570148941L, 1289195089L, -370938368L, -630166818L, 
1474292009L, -203344677L, 1839698922L, 851051404L, 1145291983L, 
-1895338875L, 1781622588L, -849111534L, -1179093747L, 719281735L, 
-1193565138L, 1144637832L, -905072501L, 999557737L, -740059592L, 
1513615078L, 1540164225L, -2034510317L, -30129726L, -986387852L, 
496979063L, 2057172333L, 882821636L, 1473423658L, 258604693L, 
-1514859217L, 541372470L, -1850153888L, 170642083L, -2137940543L, 
-2079409744L, -1042126642L, 331994681L, -359249845L, -17344006L, 
-1057352452L, 1520531775L, -353774059L, 1288856876L, 1110410754L, 
1433009373L, -1099905065L, -1639263554L, 1274143992L, 252721883L, 
-1858125511L, -2068151160L, 1444832310L, -1446969231L, -1800777053L, 
-660969486L, -33993916L, -785382393L, -1251302947L, 446594772L, 
-995843590L, 2015137093L, 1942862239L, 2036181798L, -2083826768L, 
-1402331053L, -692675727L, -1903031648L, 2005687870L, 1213666633L, 
394611707L, 960933834L, 1691861292L, 480402735L, 1689322469L, 
-1539589476L, 87080690L, -1582297235L, -1410766681L, -1741329714L, 
-792102872L, -2018778069L, -835008951L, 1059483480L, 1654770182L, 
-1640631327L, 661770611L, 182985186L, -1522051756L, -1115378601L, 
1661177933L, -177040412L, -1101016630L, 1418287157L, -1488537969L, 
868165526L, 1267075904L, -605526525L, 8936481L, 2027867920L, 
-1498700562L, -130880359L, 768092459L, -1895841766L, -1452967204L, 
-1799525665L, -1935100747L, 1771201100L, 1226084002L, 1664570877L, 
139951863L, -1028720610L, -590120232L, -910807493L, -385483815L, 
118237544L, 833585302L, -1463132655L, -223537213L, 730532818L, 
-1124608412L, -1389214297L, 1516296957L, -2098479372L, -659916326L, 
-470033115L, 1976011839L, 615013318L, 153680L, 1789580403L, -126158703L, 
932153536L, -286645602L, 321420905L, 1371877019L, -1341226070L, 
-547346484L, 1779825295L, 1892766405L, -651953540L, 1308055250L, 
1736254029L, 1794666247L, -480021778L, 923846600L, 65423563L, 
2133793065L, -267632264L, -331266394L, 1396412609L, 1107392851L, 
1512760834L, -936632524L, -1511732041L, -1423270739L, -1036809788L, 
366504426L, -822913451L, -1892153361L, 503764982L, 1485099296L, 
-1477763357L, -155727999L, -615480848L, -652967794L, 637839353L, 
-1791525493L, -1976620614L, 1130784956L, -1644737537L, -1205683883L, 
1802863212L, -1941444926L, 197783837L, 1286096791L, 1946682110L, 
-2039179080L, -656440677L, 463671545L, 1754624584L, -1329635978L, 
391466161L, 670605539L, 1502281650L, 58966020L, -458689721L, 
-368236003L, 1015070868L, -1562095016L, 1076330298L, 1395414512L, 
1156126396L, -1345865452L, -1761078590L, -988142496L, -1660472452L, 
-1070807088L, -776851166L, 1733393064L, -399713396L, -371586884L, 
832020274L, 1333209664L, 826875060L, 1299321416L, -268814918L, 
-2034580976L, -1676221716L, -861191852L, -1095196398L, -1380414048L, 
2107855564L, -902046112L, 1954494402L, -695265496L, 1317932972L, 
-2098212036L, 1047275890L, -1823237328L, 1277910308L, 914303800L, 
-1839198502L, -398997616L, 42741500L, -1469744236L, -186036158L, 
-189737728L, 625894460L, 539484496L, 1751007394L, 1614500168L, 
-863058164L, -935230756L, -117957294L, -1486613376L, 301944916L, 
-1965723672L, -1039668998L, -2019927216L, -860627156L, 812648820L, 
1806797714L, 2107709536L, 447823244L, 253139808L, 777877986L, 
1783739304L, 1585050828L, -2033405956L, -1044789838L, 1819612656L, 
-1433596988L, -848800424L, 500251002L, -949623888L, 177568188L, 
-1093736364L, -1014822974L, -763613152L, -1453184836L, -1554365872L, 
-242670622L, 1302134888L, -180259764L, -2125264644L, -882750478L, 
2142210304L, -308383372L, -1682113528L, -129454150L, -839810608L, 
1614031852L, -1450438252L, -1273245230L, 1520533856L, 1861533516L, 
-792848096L, -1925288062L, 1992220392L, 438128876L, 1305728060L, 
-1116066958L, 1247870576L, -73722844L, 1925614392L, -741167974L, 
-1530858800L, -1700413252L, -1689956716L, 2060641922L, -1522157376L, 
-1977781444L, 365542544L, -1864704478L, 2115043336L, 1616887052L, 
-348660580L, 459128338L, -1536368768L, 820416020L, -1106204120L, 
890963258L, 1936513488L, 826201196L, 757848372L, -1037236590L, 
1529097056L, -105651380L, 316004320L, -862369886L, -1973672024L, 
75197836L, 404318396L, 1457465714L, -1336593168L, -1830166460L, 
1336201560L, 217282106L, 1785314160L, -1964533700L, -1865720044L, 
-1620216382L, -571155744L, 1913014140L, 423153360L, 500709538L, 
-1826071512L, -2020170484L, 435070908L, 1654401330L, 497625536L, 
-1736611276L, 1471974344L, -389113670L, -1299719792L, 1019277804L, 
-1630469548L, 349282450L, 1410760480L, -435697204L, 1287779808L, 
-596011326L, -1924389848L, 288354988L, 1327531196L, -142304782L, 
-30154448L, -2063780700L, 1690412728L, 1780714842L, 853845392L, 
-1305283716L, 1596201236L, 111194946L, -624633088L, 1372002236L, 
-61235376L, -320085214L, -1664516792L, -1453303284L, -1061996452L, 
590613714L, 85531136L, -857436844L, -77391384L, 2079374330L, 
1276489936L, 1986968876L, -1991347468L, 1329990034L, 1898542176L, 
1794073868L, -111955232L, 964225378L, 317639336L, -152972724L, 
-987627140L, 1389184306L, -841215888L, -103876796L, 471707096L, 
-774767494L, 2067090992L, 1259752124L, 1372082004L, -807021502L, 
-1912525408L, 169212604L, 401701328L, -2041729694L, 411054056L, 
-830683188L, -1368555780L, -771022350L, 732342400L, 1132819700L, 
510310024L, -737441990L, -2116250800L, -473082260L, -545845100L, 
1121927506L, -898769184L, -1953238324L, 1291522208L, 1990269826L, 
-1053904152L, -1135062292L, -1372476356L, 551264882L, -2143738768L, 
1176569380L, 807928888L, -1553455078L, -863270192L, -463387042L, 
-1749771989L, 1068968493L, -1073661286L, -1643616680L, 1595410881L, 
-666732941L, 167261076L, -1280398814L, 1145296183L, 110154753L, 
2105809158L, -582652604L, -1990913931L, 1556021727L, -2057261768L, 
1554046742L, 828948259L, -1559855899L, 164759810L, -137147536L, 
1719132953L, -1426181365L, -827604996L, -826000342L, -858230689L, 
-1237911575L, -779781890L, -1957058324L, -530699203L, -375414777L, 
-85468176L, 446068622L, 1713554875L, -1600420963L, -286213814L, 
-1291316888L, 501782353L, -557448125L, -414307004L, 883101170L, 
-364820537L, 2117486993L, 1176411414L, -1469840012L, 1281983493L, 
-1825659825L, -747702200L, -1303695898L, 959234835L, -956181387L, 
1681976914L, 2112719008L, -634027639L, 626201019L, -1919644148L, 
1770100634L, -389161201L, 911041881L, -1753079826L, -1941526916L, 
607416045L, 2013796759L, 2108592736L, -28399554L, -1432055541L, 
-1434860659L, -17293126L, -811915528L, 1902808225L, -581052333L, 
1326277492L, -364805886L, 536412567L, 1345821537L, 1791975334L, 
-1414362716L, 1494544469L, 441664767L, 997403032L, -878316874L, 
1506700099L, -135334267L, -1565885662L, -925908976L, 1264917433L, 
1366191211L, -2039910564L, -68774262L, 282489471L, 191445961L, 
-1565276066L, 123386636L, 2106712797L, 1269009383L, 780627984L, 
1655668014L, 1991586267L, -751311171L, 1929155626L, -1875884856L, 
-884891151L, -1923076253L, 1969583972L, 1614499474L, 1912965991L, 
1983329585L, -1781363082L, -1727492204L, -2069763163L, -1018798929L, 
-1592962712L, -1535141562L, -1476038413L, 1077456469L, -1274277326L, 
1685921792L, 94668009L, 1955087195L, 1982735788L, 1881521594L, 
265571183L, -634704647L, -1689521778L, 1513735260L, -2046404915L, 
-474070473L, 347891904L, 511350686L, -894993301L, 1730190317L, 
691748442L, -411287272L, 240152193L, -440859597L, -2106469804L, 
210679394L, -618579721L, -668746943L, 1143976390L, 272915204L, 
-756207947L, 1102510495L, 1914205688L, 2020621270L, 708748899L, 
