.Random.seed <-
c(403L, 10L, -1665079522L, 763058648L, 136901435L, 1274000601L, 
-1804683160L, 996789654L, 1596904721L, -584722749L, -1732479278L, 
2123132772L, -2021191001L, -433292291L, 559230452L, 1947970266L, 
-1321604059L, -495992513L, -926337338L, -637674672L, -967933069L, 
1880323473L, -1294837824L, -2043190882L, 272157545L, -1030881381L, 
-1202305366L, -500092724L, -973639281L, 1079035333L, -829388420L, 
1388378578L, -1857166003L, -1741522937L, 305698798L, 527441608L, 
56971723L, 1686627369L, 1571967608L, -195256410L, -722593343L, 
1425108563L, -963304190L, 1556726836L, -1713760841L, -994018899L, 
-1278764348L, 274759402L, -1653468843L, -224508177L, -820726538L, 
-272120800L, -1836190237L, 1266148993L, -1121005328L, -596996210L, 
-69123847L, -1225282933L, 2065246906L, 516916668L, -1423495425L, 
999039573L, -1222519444L, 2010062274L, -629416419L, -79190377L, 
1621225470L, 1361206200L, 1204787099L, -1874076167L, -501162680L, 
190847094L, 388965809L, -424825885L, -122472270L, -1541860092L, 
-1117899193L, -519298787L, 1232203668L, -1147186374L, -621502587L, 
720104543L, 1893639910L, 1082871152L, -630049133L, 48000817L, 
-811665952L, 1124504190L, 860397833L, 1651688251L, 551271178L, 
-1537273108L, -1275932817L, 2025918629L, -1264641444L, -2106025422L, 
1555140909L, -1536518169L, -718668018L, 205549800L, 1494082283L, 
-1752487031L, 552638232L, -1372218810L, -996975967L, 1213488435L, 
-1363327838L, -1051677804L, -1328852457L, 182244877L, 436417316L, 
1632292618L, -1174388107L, -1049574961L, -1503966506L, 239038080L, 
-806301501L, 1292701281L, -765966640L, 1693089838L, 849290713L, 
-1148388885L, -238474150L, -1673284068L, 841348895L, -981005451L, 
1883378188L, -1891965982L, -1752715075L, -549167305L, -2127132706L, 
1494684952L, -1772898181L, 1768767001L, 458954408L, 178517078L, 
-172142383L, 729427075L, -1325084910L, 504519332L, 1405003367L, 
-972605507L, -1554519756L, 728189594L, -666400539L, 1887107711L, 
-1528863738L, -1849264240L, -43173325L, 1525150161L, -912166016L, 
729722462L, -597650007L, -1014205349L, 1083690090L, 1253545228L, 
964949839L, -1359453179L, -1502209348L, -1856754798L, -1550178163L, 
1181036231L, -274192466L, -839208440L, 194295307L, -2026537239L, 
1666947512L, -1566157210L, 1322988289L, -638290541L, -834269630L, 
295727604L, 673123319L, -1372966931L, 211540100L, -1276100950L, 
-1917307883L, 1606952111L, 38644406L, -945461024L, -101788637L, 
-1624388799L, 1742722608L, 45245518L, 1886039225L, 22030539L, 
-2032093830L, -1254733700L, -1216570177L, -1606592107L, -1909411412L, 
1535312770L, -2074777251L, 1451288663L, -496263362L, -1358854280L, 
-706122661L, -1858626631L, 1792420360L, 323662006L, 779380721L, 
796029475L, 489011826L, -793935676L, -144013689L, 1705197149L, 
1590927444L, -1481964934L, 64231877L, 2044816159L, -2125216090L, 
-643868624L, 1535380179L, 1316954353L, 1705970720L, 834591422L, 
1591045833L, -1440486277L, 1480819274L, -1185057108L, 1894117807L, 
-1459005083L, 360072988L, 1329974130L, 1075521517L, -1938225113L, 
1812369486L, 170054824L, -811296085L, 2133023520L, 129572300L, 
-1908814880L, 816911042L, 1915972136L, 191389356L, -1630489924L, 
-2094530062L, 495388976L, 2026699940L, 41464504L, -1470182566L, 
-1389662832L, 1596481916L, 759618836L, -699045566L, 667271936L, 
-402981956L, 1980459856L, 1768087842L, 1391381832L, -646662132L, 
-574367652L, -925215534L, 1181820928L, -869815468L, 1969656296L, 
1774667770L, 364332752L, 976590124L, 2018146548L, -152143982L, 
-1985467296L, 1221963020L, -1745352992L, 1094798690L, -1153203544L, 
-251745716L, 627746684L, 934570802L, 460435056L, 1999166788L, 
707701720L, -1014546310L, 1092556336L, 1956223676L, 896571220L, 
-229901758L, 1417010080L, -2123581252L, 1523053008L, 569410914L, 
910615528L, -1113020468L, 774792956L, -1012871182L, -292684672L, 
798099700L, 1735480456L, 207058234L, 464372560L, 1230613612L, 
1947431060L, -1398896302L, -374071584L, 883400908L, -1958471520L, 
-1267295870L, 1563261160L, 1120479468L, -1968560068L, -203562894L, 
1273522288L, -1548721628L, 280461880L, -352224742L, -2061410096L, 
-383908292L, 1947487380L, 521929858L, -1629247552L, 579468604L, 
203263632L, 1527620642L, 167038984L, 1002069132L, -18477028L, 
1520694418L, -288019328L, -2095234028L, 1333281576L, 439866426L, 
564210896L, -793258900L, -1595693388L, -1379274734L, 1614282720L, 
1762618316L, -1076306464L, -1559929822L, -265509592L, -2097735412L, 
1714163260L, 1162867954L, 657672432L, -782956732L, 1658982488L, 
483246650L, -1629390608L, 2143081148L, 1262942740L, -992088894L, 
2068858464L, 1841812860L, 1028535504L, 353485858L, 80128168L, 
406146444L, -2116193860L, -337782734L, 961053504L, -1116516684L, 
-1571626680L, -122502470L, -529809648L, -1796103956L, 431319124L, 
-1509759214L, 891183520L, 1157236684L, 486268768L, 1407941826L, 
-1282404824L, 2067388844L, 1450402620L, 61420402L, 564965168L, 
796123172L, -158544328L, -694594854L, 87766928L, 551777532L, 
792206740L, 410743618L, 465054208L, -1480595396L, 139006544L, 
1725141154L, 1358832456L, 2007599628L, 739908316L, -1091612590L, 
-1931596672L, 1814226772L, -1906815000L, -803470598L, 1650378576L, 
-1260215252L, 1923701108L, 665456274L, 1098293856L, -1045344116L, 
-950726304L, -121251614L, -1468158808L, -746953012L, -609871364L, 
-1797858382L, 586195952L, 529125828L, -441447080L, -349478534L, 
-1271664208L, -593000004L, 1076837972L, 80271810L, -1319935200L, 
-690736196L, 874754128L, -574006302L, -2083225752L, 536655692L, 
-491122948L, 1187190514L, 1453505792L, -2115138444L, 1854688776L, 
-1502362182L, 1881699792L, 155072492L, 1288129428L, 1388857554L, 
1169646688L, -1940517556L, 95654688L, -1515308414L, -1095794200L, 
1316895724L, -285344196L, 1273243250L, -958944400L, -295379676L, 
1887877688L, 19329434L, -576688688L, -801667652L, -1713410412L, 
1532420738L, 1892179392L, -1152075972L, -1510821232L, 8812322L, 
-2108443128L, 692847372L, -1360690276L, -699491310L, -1551209600L, 
-2043503852L, -2138639064L, -1094111174L, -4996144L, 340720236L, 
-1283371980L, -1413074798L, -1212630688L, 31382860L, 2039764448L, 
292450123L, -313080388L, -143198742L, -1055092193L, 763984041L, 
-15552450L, -1887682260L, 961407869L, 1542513095L, -871017296L, 
621150926L, 1317615611L, -468041635L, -811415670L, 590579624L, 
722267409L, 251360259L, 326434564L, 1986286386L, -953847417L, 
2106816465L, 616380758L, -1300351180L, 1585060421L, 469034639L, 
723365896L, 967447590L, -1733333805L, 1284091445L, -1323039342L, 
493820256L, 1771135177L, -1585482757L, -1842318388L, -165654950L, 
-2032905393L, -1906677223L, 1454852142L, 774555196L, -972883027L, 
1934767191L, -480444000L, 839162622L, 1977727435L, 1600585677L, 
-1343352070L, 1529415992L, 578294497L, 1425372563L, 1181949364L, 
11017922L, -1323274537L, 1276575521L, 1153849062L, 186626020L, 
58998549L, -1989724353L, -645504296L, 727475958L, -346025725L, 
1887334981L, -641285534L, 2007818704L, 2040397561L, -273662933L, 
-2073019492L, -2092977206L, 324570303L, 2087497225L, -1958549730L, 
-1354395956L, 428314269L, 658279207L, 1675928912L, 1752992750L, 
1642427547L, -37953795L, 657466858L, 644937352L, -735264719L, 
-144139613L, -1350540636L, 264074066L, -1869276505L, 1971603185L, 
-696359370L, -1949209900L, -1428537755L, -1007793041L, 1198667432L, 
471954438L, -28057293L, 1495842197L, 443658738L, -1839907264L, 
238133161L, 766018075L, -266372116L, -1958888454L, 1576138799L, 
-695109575L, 1554729550L, 873122460L, -1713319923L, 988056695L, 
1461161088L, 1819224798L, -2007770709L, -1387670867L, -6273254L, 
1271158744L, 613536833L, 611984115L, -194091756L, 333467810L, 
-1389670985L, 531464577L, -835848314L, -353995324L, 1394722037L, 
814419295L, 1771347896L, -1876004202L, 1956175011L, -1106823579L, 
614667138L, 1799557360L, 1932048537L, 409669771L, -1828226692L, 
406497194L, -1875232801L, -41290391L, -1243551362L, 539154796L, 
-90586691L, 198480519L, -312875408L, -1039135474L, 1429860923L, 
1956485405L, -1643631670L, 1537697000L, -1222092847L, 429001155L, 
2112213700L, 1812803954L, -593363897L, 1379266577L, -991037034L, 
